# Temperatura_=_20.0
# Concentracion g/m^3_=_10000.0
# C_Vs_to_Am_M_A/Vsm_=_25649819763.59163
# pendiente_HvsI_1/m_=_3716.3
# ordenada_HvsI_A/m_=_1297.0
# frecuencia_Hz_=_310765.88578835875
# Promedio de 16 ciclos

Tiempo_(s)	Campo_(V.s)	Magnetizacion_(V.s)	Campo_(kA/m)	Magnetizacion_(A/m)
0.000000e+00	-6.616231e-09	-2.617165e-08	-5.705784e+01	-6.694874e+02
1.000000e-08	-6.612941e-09	-2.615812e-08	-5.702946e+01	-6.692564e+02
2.000000e-08	-6.607270e-09	-2.614977e-08	-5.698055e+01	-6.688684e+02
3.000000e-08	-6.599359e-09	-2.613219e-08	-5.691233e+01	-6.683382e+02
4.000000e-08	-6.589033e-09	-2.610496e-08	-5.682328e+01	-6.676902e+02
5.000000e-08	-6.576183e-09	-2.608588e-08	-5.671246e+01	-6.669562e+02
6.000000e-08	-6.560684e-09	-2.606335e-08	-5.657879e+01	-6.661724e+02
7.000000e-08	-6.542537e-09	-2.600582e-08	-5.642230e+01	-6.653763e+02
8.000000e-08	-6.521809e-09	-2.588822e-08	-5.624354e+01	-6.646023e+02
9.000000e-08	-6.498351e-09	-2.579697e-08	-5.604123e+01	-6.638783e+02
1.000000e-07	-6.472221e-09	-2.585360e-08	-5.581589e+01	-6.632219e+02
1.100000e-07	-6.443829e-09	-2.589116e-08	-5.557103e+01	-6.626384e+02
1.200000e-07	-6.413516e-09	-2.576866e-08	-5.530962e+01	-6.621195e+02
1.300000e-07	-6.381330e-09	-2.570349e-08	-5.503204e+01	-6.616433e+02
1.400000e-07	-6.347214e-09	-2.575309e-08	-5.473783e+01	-6.611760e+02
1.500000e-07	-6.311090e-09	-2.573298e-08	-5.442630e+01	-6.606743e+02
1.600000e-07	-6.272738e-09	-2.565197e-08	-5.409555e+01	-6.600890e+02
1.700000e-07	-6.231988e-09	-2.561706e-08	-5.374413e+01	-6.593689e+02
1.800000e-07	-6.188760e-09	-2.561574e-08	-5.337133e+01	-6.584651e+02
1.900000e-07	-6.143033e-09	-2.556310e-08	-5.297699e+01	-6.573345e+02
2.000000e-07	-6.094891e-09	-2.551335e-08	-5.256181e+01	-6.559430e+02
2.100000e-07	-6.044037e-09	-2.546438e-08	-5.212324e+01	-6.542675e+02
2.200000e-07	-5.990510e-09	-2.531944e-08	-5.166163e+01	-6.522968e+02
2.300000e-07	-5.934628e-09	-2.520547e-08	-5.117971e+01	-6.500315e+02
2.400000e-07	-5.876386e-09	-2.513160e-08	-5.067744e+01	-6.474824e+02
2.500000e-07	-5.815862e-09	-2.498807e-08	-5.015548e+01	-6.446688e+02
2.600000e-07	-5.753136e-09	-2.483121e-08	-4.961453e+01	-6.416151e+02
2.700000e-07	-5.688233e-09	-2.472688e-08	-4.905481e+01	-6.383484e+02
2.800000e-07	-5.621086e-09	-2.462255e-08	-4.847574e+01	-6.348950e+02
2.900000e-07	-5.551707e-09	-2.448741e-08	-4.787742e+01	-6.312785e+02
3.000000e-07	-5.480176e-09	-2.435392e-08	-4.726054e+01	-6.275173e+02
3.100000e-07	-5.406523e-09	-2.422357e-08	-4.662536e+01	-6.236238e+02
3.200000e-07	-5.330664e-09	-2.407294e-08	-4.597116e+01	-6.196037e+02
3.300000e-07	-5.252456e-09	-2.387624e-08	-4.529670e+01	-6.154563e+02
3.400000e-07	-5.172009e-09	-2.369109e-08	-4.460293e+01	-6.111756e+02
3.500000e-07	-5.089532e-09	-2.354783e-08	-4.389165e+01	-6.067514e+02
3.600000e-07	-5.005268e-09	-2.338602e-08	-4.316496e+01	-6.021709e+02
3.700000e-07	-4.919321e-09	-2.319269e-08	-4.242376e+01	-5.974201e+02
3.800000e-07	-4.831612e-09	-2.300569e-08	-4.166736e+01	-5.924851e+02
3.900000e-07	-4.742083e-09	-2.281138e-08	-4.089527e+01	-5.873530e+02
4.000000e-07	-4.650704e-09	-2.258730e-08	-4.010723e+01	-5.820130e+02
4.100000e-07	-4.557565e-09	-2.235992e-08	-3.930400e+01	-5.764560e+02
4.200000e-07	-4.462732e-09	-2.212800e-08	-3.848617e+01	-5.706750e+02
4.300000e-07	-4.366187e-09	-2.189079e-08	-3.765357e+01	-5.646646e+02
4.400000e-07	-4.267969e-09	-2.166832e-08	-3.680655e+01	-5.584206e+02
4.500000e-07	-4.168095e-09	-2.144420e-08	-3.594524e+01	-5.519393e+02
4.600000e-07	-4.066634e-09	-2.118113e-08	-3.507024e+01	-5.452174e+02
4.700000e-07	-3.963664e-09	-2.089573e-08	-3.418224e+01	-5.382513e+02
4.800000e-07	-3.859179e-09	-2.061935e-08	-3.328117e+01	-5.310370e+02
4.900000e-07	-3.753148e-09	-2.033411e-08	-3.236676e+01	-5.235700e+02
5.000000e-07	-3.645597e-09	-2.002205e-08	-3.143925e+01	-5.158452e+02
5.100000e-07	-3.536659e-09	-1.970083e-08	-3.049978e+01	-5.078570e+02
5.200000e-07	-3.426445e-09	-1.939171e-08	-2.954930e+01	-4.995992e+02
5.300000e-07	-3.314925e-09	-1.908047e-08	-2.858756e+01	-4.910650e+02
5.400000e-07	-3.202066e-09	-1.874423e-08	-2.761427e+01	-4.822469e+02
5.500000e-07	-3.087881e-09	-1.838425e-08	-2.662955e+01	-4.731366e+02
5.600000e-07	-2.972356e-09	-1.801018e-08	-2.563327e+01	-4.637247e+02
5.700000e-07	-2.855558e-09	-1.762684e-08	-2.462602e+01	-4.540012e+02
5.800000e-07	-2.737593e-09	-1.723778e-08	-2.360870e+01	-4.439544e+02
5.900000e-07	-2.618547e-09	-1.683653e-08	-2.258205e+01	-4.335722e+02
6.000000e-07	-2.498493e-09	-1.641709e-08	-2.154672e+01	-4.228417e+02
6.100000e-07	-2.377491e-09	-1.598734e-08	-2.050320e+01	-4.117497e+02
6.200000e-07	-2.255597e-09	-1.555036e-08	-1.945199e+01	-4.002835e+02
6.300000e-07	-2.132859e-09	-1.509129e-08	-1.839352e+01	-3.884314e+02
6.400000e-07	-2.009306e-09	-1.460792e-08	-1.732800e+01	-3.761828e+02
6.500000e-07	-1.884937e-09	-1.411759e-08	-1.625545e+01	-3.635289e+02
6.600000e-07	-1.759829e-09	-1.361999e-08	-1.517653e+01	-3.504621e+02
6.700000e-07	-1.634125e-09	-1.310585e-08	-1.409247e+01	-3.369761e+02
6.800000e-07	-1.507860e-09	-1.256876e-08	-1.300357e+01	-3.230644e+02
6.900000e-07	-1.381029e-09	-1.200588e-08	-1.190979e+01	-3.087193e+02
7.000000e-07	-1.253679e-09	-1.142475e-08	-1.081153e+01	-2.939304e+02
7.100000e-07	-1.125866e-09	-1.083063e-08	-9.709283e+00	-2.786829e+02
7.200000e-07	-9.976561e-10	-1.021589e-08	-8.603611e+00	-2.629564e+02
7.300000e-07	-8.691083e-10	-9.578516e-09	-7.495026e+00	-2.467239e+02
7.400000e-07	-7.402605e-10	-8.928448e-09	-6.383853e+00	-2.299517e+02
7.500000e-07	-6.111334e-10	-8.261146e-09	-5.270272e+00	-2.126002e+02
7.600000e-07	-4.817711e-10	-7.561882e-09	-4.154661e+00	-1.946260e+02
7.700000e-07	-3.522360e-10	-6.830132e-09	-3.037560e+00	-1.759848e+02
7.800000e-07	-2.225686e-10	-6.070968e-09	-1.919318e+00	-1.566354e+02
7.900000e-07	-9.281850e-11	-5.286088e-09	-8.003618e-01	-1.365445e+02
8.000000e-07	3.696244e-11	-4.477738e-09	3.188596e-01	-1.156920e+02
8.100000e-07	1.667273e-10	-3.644864e-09	1.437942e+00	-9.407620e+01
8.200000e-07	2.964329e-10	-2.782803e-09	2.556513e+00	-7.171775e+01
8.300000e-07	4.260342e-10	-1.892742e-09	3.674185e+00	-4.866360e+01
8.400000e-07	5.554645e-10	-9.794071e-10	4.790383e+00	-2.498857e+01
8.500000e-07	6.846790e-10	-4.292074e-11	5.904718e+00	-7.953135e-01
8.600000e-07	8.136577e-10	9.189753e-10	7.017020e+00	2.378777e+01
8.700000e-07	9.423568e-10	1.899470e-09	8.126910e+00	4.861071e+01
8.800000e-07	1.070711e-09	2.883251e-09	9.233825e+00	7.350791e+01
8.900000e-07	1.198643e-09	3.859354e-09	1.033710e+01	9.830557e+01
9.000000e-07	1.326101e-09	4.821947e-09	1.143628e+01	1.228299e+02
9.100000e-07	1.453048e-09	5.763369e-09	1.253106e+01	1.469154e+02
9.200000e-07	1.579454e-09	6.673587e-09	1.362118e+01	1.704132e+02
9.300000e-07	1.705324e-09	7.550138e-09	1.470667e+01	1.931973e+02
9.400000e-07	1.830594e-09	8.392437e-09	1.578700e+01	2.151699e+02
9.500000e-07	1.955142e-09	9.199242e-09	1.686109e+01	2.362644e+02
9.600000e-07	2.078893e-09	9.972836e-09	1.792830e+01	2.564457e+02
9.700000e-07	2.201834e-09	1.071559e-08	1.898854e+01	2.757088e+02
9.800000e-07	2.323937e-09	1.142882e-08	2.004154e+01	2.940750e+02
9.900000e-07	2.445127e-09	1.211377e-08	2.108668e+01	3.115864e+02
1.000000e-06	2.565347e-09	1.277075e-08	2.212344e+01	3.282999e+02
1.010000e-06	2.684545e-09	1.340007e-08	2.315139e+01	3.442803e+02
1.020000e-06	2.802688e-09	1.400155e-08	2.417025e+01	3.595935e+02
1.030000e-06	2.919698e-09	1.457413e-08	2.517933e+01	3.743015e+02
1.040000e-06	3.035463e-09	1.512135e-08	2.617768e+01	3.884575e+02
1.050000e-06	3.149952e-09	1.564980e-08	2.716502e+01	4.021038e+02
1.060000e-06	3.263153e-09	1.616311e-08	2.814125e+01	4.152704e+02
1.070000e-06	3.375047e-09	1.665922e-08	2.910622e+01	4.279755e+02
1.080000e-06	3.485668e-09	1.713440e-08	3.006020e+01	4.402280e+02
1.090000e-06	3.595059e-09	1.758994e-08	3.100359e+01	4.520300e+02
1.100000e-06	3.703143e-09	1.802960e-08	3.193569e+01	4.633801e+02
1.110000e-06	3.809815e-09	1.845366e-08	3.285562e+01	4.742767e+02
1.120000e-06	3.915023e-09	1.885999e-08	3.376293e+01	4.847212e+02
1.130000e-06	4.018680e-09	1.924806e-08	3.465685e+01	4.947193e+02
1.140000e-06	4.120808e-09	1.961992e-08	3.553760e+01	5.042825e+02
1.150000e-06	4.221397e-09	1.997883e-08	3.640507e+01	5.134277e+02
1.160000e-06	4.320322e-09	2.032396e-08	3.725818e+01	5.221764e+02
1.170000e-06	4.417515e-09	2.065476e-08	3.809637e+01	5.305525e+02
1.180000e-06	4.512970e-09	2.097381e-08	3.891956e+01	5.385803e+02
1.190000e-06	4.606776e-09	2.127970e-08	3.972854e+01	5.462822e+02
1.200000e-06	4.698946e-09	2.156963e-08	4.052341e+01	5.536769e+02
1.210000e-06	4.789319e-09	2.184169e-08	4.130277e+01	5.607778e+02
1.220000e-06	4.877786e-09	2.209722e-08	4.206571e+01	5.675928e+02
1.230000e-06	4.964393e-09	2.234239e-08	4.281259e+01	5.741246e+02
1.240000e-06	5.049220e-09	2.258123e-08	4.354414e+01	5.803717e+02
1.250000e-06	5.132190e-09	2.281359e-08	4.425965e+01	5.863303e+02
1.260000e-06	5.213156e-09	2.303987e-08	4.495790e+01	5.919967e+02
1.270000e-06	5.292088e-09	2.325836e-08	4.563860e+01	5.973690e+02
1.280000e-06	5.368958e-09	2.346451e-08	4.630152e+01	6.024495e+02
1.290000e-06	5.443631e-09	2.365562e-08	4.694549e+01	6.072454e+02
1.300000e-06	5.516083e-09	2.382987e-08	4.757031e+01	6.117699e+02
1.310000e-06	5.586445e-09	2.398761e-08	4.817711e+01	6.160411e+02
1.320000e-06	5.654734e-09	2.413561e-08	4.876602e+01	6.200816e+02
1.330000e-06	5.720817e-09	2.427871e-08	4.933592e+01	6.239157e+02
1.340000e-06	5.784687e-09	2.442043e-08	4.988673e+01	6.275678e+02
1.350000e-06	5.846479e-09	2.456661e-08	5.041962e+01	6.310597e+02
1.360000e-06	5.906157e-09	2.471182e-08	5.093427e+01	6.344085e+02
1.370000e-06	5.963567e-09	2.484787e-08	5.142937e+01	6.376250e+02
1.380000e-06	6.018679e-09	2.497425e-08	5.190464e+01	6.407129e+02
1.390000e-06	6.071366e-09	2.509022e-08	5.235901e+01	6.436692e+02
1.400000e-06	6.121394e-09	2.519360e-08	5.279045e+01	6.464845e+02
1.410000e-06	6.168889e-09	2.528563e-08	5.320004e+01	6.491458e+02
1.420000e-06	6.214167e-09	2.537387e-08	5.359051e+01	6.516382e+02
1.430000e-06	6.257136e-09	2.546354e-08	5.396107e+01	6.539475e+02
1.440000e-06	6.297610e-09	2.555359e-08	5.431012e+01	6.560630e+02
1.450000e-06	6.335746e-09	2.564134e-08	5.463900e+01	6.579795e+02
1.460000e-06	6.371622e-09	2.572255e-08	5.494839e+01	6.596982e+02
1.470000e-06	6.405028e-09	2.579098e-08	5.523647e+01	6.612274e+02
1.480000e-06	6.435985e-09	2.584380e-08	5.550344e+01	6.625818e+02
1.490000e-06	6.464672e-09	2.588288e-08	5.575083e+01	6.637807e+02
1.500000e-06	6.490894e-09	2.591285e-08	5.597697e+01	6.648462e+02
1.510000e-06	6.514535e-09	2.594122e-08	5.618085e+01	6.658000e+02
1.520000e-06	6.535832e-09	2.597317e-08	5.636451e+01	6.666613e+02
1.530000e-06	6.554777e-09	2.600935e-08	5.652788e+01	6.674438e+02
1.540000e-06	6.571141e-09	2.604725e-08	5.666900e+01	6.681546e+02
1.550000e-06	6.584889e-09	2.607922e-08	5.678757e+01	6.687930e+02
1.560000e-06	6.595902e-09	2.609605e-08	5.688254e+01	6.693509e+02
1.570000e-06	6.604178e-09	2.609552e-08	5.695391e+01	6.698143e+02
1.580000e-06	6.610024e-09	2.608502e-08	5.700432e+01	6.701653e+02
1.590000e-06	6.613442e-09	2.607578e-08	5.703379e+01	6.703852e+02
1.600000e-06	6.614335e-09	2.607412e-08	5.704150e+01	6.704576e+02
1.610000e-06	6.612906e-09	2.608070e-08	5.702917e+01	6.703712e+02
1.620000e-06	6.609339e-09	2.608451e-08	5.699841e+01	6.701229e+02
1.630000e-06	6.603461e-09	2.607433e-08	5.694771e+01	6.697186e+02
1.640000e-06	6.595238e-09	2.606272e-08	5.687679e+01	6.691744e+02
1.650000e-06	6.584784e-09	2.604860e-08	5.678664e+01	6.685155e+02
1.660000e-06	6.571873e-09	2.601025e-08	5.667530e+01	6.677742e+02
1.670000e-06	6.556600e-09	2.597299e-08	5.654359e+01	6.669872e+02
1.680000e-06	6.539382e-09	2.601658e-08	5.639509e+01	6.661918e+02
1.690000e-06	6.520098e-09	2.609964e-08	5.622879e+01	6.654219e+02
1.700000e-06	6.497973e-09	2.604177e-08	5.603798e+01	6.647044e+02
1.710000e-06	6.472757e-09	2.590684e-08	5.582052e+01	6.640557e+02
1.720000e-06	6.444882e-09	2.591542e-08	5.558012e+01	6.634796e+02
1.730000e-06	6.414437e-09	2.594615e-08	5.531757e+01	6.629665e+02
1.740000e-06	6.381620e-09	2.586051e-08	5.503455e+01	6.624929e+02
1.750000e-06	6.346953e-09	2.581446e-08	5.473559e+01	6.620240e+02
1.760000e-06	6.310375e-09	2.584593e-08	5.442014e+01	6.615157e+02
1.770000e-06	6.271448e-09	2.581462e-08	5.408444e+01	6.609182e+02
1.780000e-06	6.230269e-09	2.576223e-08	5.372930e+01	6.601806e+02
1.790000e-06	6.186969e-09	2.577377e-08	5.335589e+01	6.592543e+02
1.800000e-06	6.141344e-09	2.573276e-08	5.296242e+01	6.580971e+02
1.810000e-06	6.093290e-09	2.568078e-08	5.254801e+01	6.566759e+02
1.820000e-06	6.042748e-09	2.564964e-08	5.211214e+01	6.549690e+02
1.830000e-06	5.989645e-09	2.552878e-08	5.165418e+01	6.529664e+02
1.840000e-06	5.934014e-09	2.538838e-08	5.117442e+01	6.506699e+02
1.850000e-06	5.876111e-09	2.532270e-08	5.067507e+01	6.480914e+02
1.860000e-06	5.815987e-09	2.525656e-08	5.015656e+01	6.452507e+02
1.870000e-06	5.753480e-09	2.511824e-08	4.961751e+01	6.421727e+02
1.880000e-06	5.688717e-09	2.498722e-08	4.905899e+01	6.388846e+02
1.890000e-06	5.621785e-09	2.483285e-08	4.848177e+01	6.354126e+02
1.900000e-06	5.552669e-09	2.466148e-08	4.788572e+01	6.317797e+02
1.910000e-06	5.481276e-09	2.451497e-08	4.727003e+01	6.280038e+02
1.920000e-06	5.407665e-09	2.436409e-08	4.663522e+01	6.240964e+02
1.930000e-06	5.331853e-09	2.424559e-08	4.598142e+01	6.200627e+02
1.940000e-06	5.253713e-09	2.411624e-08	4.530754e+01	6.159013e+02
1.950000e-06	5.173510e-09	2.393584e-08	4.461588e+01	6.116056e+02
1.960000e-06	5.091434e-09	2.373685e-08	4.390806e+01	6.071652e+02
1.970000e-06	5.007507e-09	2.355376e-08	4.318427e+01	6.025671e+02
1.980000e-06	4.921587e-09	2.334486e-08	4.244331e+01	5.977970e+02
1.990000e-06	4.833691e-09	2.313361e-08	4.168530e+01	5.928414e+02
2.000000e-06	4.744069e-09	2.295197e-08	4.091240e+01	5.876874e+02
2.010000e-06	4.652761e-09	2.275380e-08	4.012497e+01	5.823244e+02
2.020000e-06	4.559721e-09	2.254041e-08	3.932260e+01	5.767436e+02
2.030000e-06	4.464850e-09	2.231335e-08	3.850444e+01	5.709382e+02
2.040000e-06	4.368288e-09	2.206794e-08	3.767169e+01	5.649028e+02
2.050000e-06	4.270145e-09	2.180383e-08	3.682531e+01	5.586334e+02
2.060000e-06	4.170410e-09	2.154595e-08	3.596521e+01	5.521264e+02
2.070000e-06	4.069079e-09	2.129407e-08	3.509133e+01	5.453784e+02
2.080000e-06	3.966097e-09	2.102671e-08	3.420322e+01	5.383858e+02
2.090000e-06	3.861564e-09	2.074355e-08	3.330174e+01	5.311445e+02
2.100000e-06	3.755630e-09	2.045425e-08	3.238817e+01	5.236500e+02
2.110000e-06	3.648320e-09	2.015419e-08	3.146274e+01	5.158972e+02
2.120000e-06	3.539603e-09	1.983005e-08	3.052517e+01	5.078803e+02
2.130000e-06	3.429502e-09	1.949200e-08	2.957567e+01	4.995931e+02
2.140000e-06	3.318001e-09	1.915258e-08	2.861409e+01	4.910288e+02
2.150000e-06	3.205153e-09	1.880969e-08	2.764090e+01	4.821796e+02
2.160000e-06	3.090965e-09	1.846399e-08	2.665615e+01	4.730373e+02
2.170000e-06	2.975445e-09	1.810762e-08	2.565991e+01	4.635925e+02
2.180000e-06	2.858696e-09	1.772335e-08	2.465308e+01	4.538347e+02
2.190000e-06	2.740753e-09	1.731383e-08	2.363595e+01	4.437525e+02
2.200000e-06	2.621627e-09	1.689233e-08	2.260862e+01	4.333335e+02
2.210000e-06	2.501416e-09	1.646374e-08	2.157193e+01	4.225648e+02
2.220000e-06	2.380292e-09	1.602507e-08	2.052736e+01	4.114332e+02
2.230000e-06	2.258308e-09	1.557891e-08	1.947538e+01	3.999261e+02
2.240000e-06	2.135464e-09	1.512284e-08	1.841598e+01	3.880319e+02
2.250000e-06	2.011813e-09	1.465127e-08	1.734963e+01	3.757401e+02
2.260000e-06	1.887392e-09	1.416012e-08	1.627663e+01	3.630422e+02
2.270000e-06	1.762256e-09	1.364414e-08	1.519746e+01	3.499307e+02
2.280000e-06	1.636490e-09	1.310286e-08	1.411286e+01	3.363992e+02
2.290000e-06	1.510145e-09	1.254483e-08	1.302328e+01	3.224414e+02
2.300000e-06	1.383231e-09	1.198152e-08	1.192878e+01	3.080492e+02
2.310000e-06	1.255759e-09	1.141012e-08	1.082947e+01	2.932118e+02
2.320000e-06	1.127795e-09	1.082240e-08	9.725919e+00	2.779140e+02
2.330000e-06	9.994304e-10	1.021204e-08	8.618916e+00	2.621346e+02
2.340000e-06	8.707260e-10	9.576222e-09	7.508979e+00	2.458459e+02
2.350000e-06	7.417107e-10	8.915744e-09	6.396360e+00	2.290134e+02
2.360000e-06	6.124394e-10	8.227533e-09	5.281533e+00	2.115973e+02
2.370000e-06	4.829587e-10	7.511838e-09	4.164899e+00	1.935536e+02
2.380000e-06	3.533077e-10	6.771655e-09	3.046799e+00	1.748383e+02
2.390000e-06	2.235283e-10	6.011805e-09	1.927590e+00	1.554107e+02
2.400000e-06	9.365625e-11	5.232508e-09	8.075829e-01	1.352388e+02
2.410000e-06	-3.627875e-11	4.423706e-09	-3.129672e-01	1.143041e+02
2.420000e-06	-1.662064e-10	3.581652e-09	-1.433454e+00	9.260719e+01
2.430000e-06	-2.960582e-10	2.708887e-09	-2.553287e+00	7.017136e+01
2.440000e-06	-4.258119e-10	1.809902e-09	-3.672274e+00	4.704650e+01
2.450000e-06	-5.554299e-10	8.873392e-10	-4.790090e+00	2.331044e+01
2.460000e-06	-6.848599e-10	-5.611535e-11	-5.906286e+00	-9.312621e-01
2.470000e-06	-8.140632e-10	-1.016975e-09	-7.020525e+00	-2.554766e+01
2.480000e-06	-9.430023e-10	-1.988127e-09	-8.132487e+00	-5.038680e+01
2.490000e-06	-1.071611e-09	-2.964183e-09	-9.241596e+00	-7.528184e+01
2.500000e-06	-1.199802e-09	-3.945247e-09	-1.034710e+01	-1.000586e+02
2.510000e-06	-1.327504e-09	-4.916553e-09	-1.144840e+01	-1.245436e+02
2.520000e-06	-1.454667e-09	-5.859623e-09	-1.254504e+01	-1.485731e+02
2.530000e-06	-1.581256e-09	-6.769976e-09	-1.363674e+01	-1.720001e+02
2.540000e-06	-1.707260e-09	-7.648488e-09	-1.472339e+01	-1.947015e+02
2.550000e-06	-1.832627e-09	-8.491762e-09	-1.580453e+01	-2.165828e+02
2.560000e-06	-1.957271e-09	-9.300983e-09	-1.687946e+01	-2.375807e+02
2.570000e-06	-2.081147e-09	-1.008369e-08	-1.794775e+01	-2.576635e+02
2.580000e-06	-2.204185e-09	-1.083855e-08	-1.900882e+01	-2.768291e+02
2.590000e-06	-2.326335e-09	-1.155862e-08	-2.006223e+01	-2.951015e+02
2.600000e-06	-2.447594e-09	-1.224264e-08	-2.110796e+01	-3.125246e+02
2.610000e-06	-2.567891e-09	-1.289657e-08	-2.214539e+01	-3.291566e+02
2.620000e-06	-2.687124e-09	-1.352261e-08	-2.317364e+01	-3.450624e+02
2.630000e-06	-2.805240e-09	-1.411980e-08	-2.419227e+01	-3.603080e+02
2.640000e-06	-2.922218e-09	-1.469422e-08	-2.520107e+01	-3.749546e+02
2.650000e-06	-3.037990e-09	-1.525033e-08	-2.619947e+01	-3.890544e+02
2.660000e-06	-3.152413e-09	-1.578677e-08	-2.718625e+01	-4.026482e+02
2.670000e-06	-3.265440e-09	-1.630218e-08	-2.816098e+01	-4.157647e+02
2.680000e-06	-3.377106e-09	-1.679550e-08	-2.912398e+01	-4.284212e+02
2.690000e-06	-3.487408e-09	-1.726905e-08	-3.007522e+01	-4.406256e+02
2.700000e-06	-3.596365e-09	-1.772375e-08	-3.101485e+01	-4.523793e+02
2.710000e-06	-3.704044e-09	-1.815652e-08	-3.194347e+01	-4.636810e+02
2.720000e-06	-3.810463e-09	-1.856871e-08	-3.286121e+01	-4.745292e+02
2.730000e-06	-3.915554e-09	-1.896639e-08	-3.376751e+01	-4.849255e+02
2.740000e-06	-4.019141e-09	-1.935466e-08	-3.466083e+01	-4.948765e+02
2.750000e-06	-4.121094e-09	-1.973125e-08	-3.554006e+01	-5.043941e+02
2.760000e-06	-4.221420e-09	-2.009003e-08	-3.640526e+01	-5.134959e+02
2.770000e-06	-4.320155e-09	-2.042939e-08	-3.725674e+01	-5.222036e+02
2.780000e-06	-4.417362e-09	-2.075394e-08	-3.809505e+01	-5.305413e+02
2.790000e-06	-4.512958e-09	-2.106976e-08	-3.891946e+01	-5.385333e+02
2.800000e-06	-4.606830e-09	-2.137651e-08	-3.972900e+01	-5.462016e+02
2.810000e-06	-4.698966e-09	-2.166998e-08	-4.052358e+01	-5.535644e+02
2.820000e-06	-4.789360e-09	-2.194968e-08	-4.130312e+01	-5.606345e+02
2.830000e-06	-4.877981e-09	-2.221822e-08	-4.206738e+01	-5.674193e+02
2.840000e-06	-4.964676e-09	-2.247537e-08	-4.281503e+01	-5.739208e+02
2.850000e-06	-5.049383e-09	-2.271531e-08	-4.354554e+01	-5.801373e+02
2.860000e-06	-5.132203e-09	-2.293572e-08	-4.425977e+01	-5.860649e+02
2.870000e-06	-5.213196e-09	-2.314287e-08	-4.495825e+01	-5.916999e+02
2.880000e-06	-5.292213e-09	-2.334406e-08	-4.563969e+01	-5.970408e+02
2.890000e-06	-5.368999e-09	-2.353893e-08	-4.630188e+01	-6.020905e+02
2.900000e-06	-5.443545e-09	-2.372457e-08	-4.694476e+01	-6.068567e+02
2.910000e-06	-5.516012e-09	-2.390129e-08	-4.756971e+01	-6.113532e+02
2.920000e-06	-5.586390e-09	-2.407005e-08	-4.817663e+01	-6.155987e+02
2.930000e-06	-5.654588e-09	-2.423151e-08	-4.876477e+01	-6.196160e+02
2.940000e-06	-5.720674e-09	-2.438607e-08	-4.933468e+01	-6.234296e+02
2.950000e-06	-5.784705e-09	-2.453308e-08	-4.988688e+01	-6.270637e+02
2.960000e-06	-5.846549e-09	-2.467179e-08	-5.042022e+01	-6.305396e+02
2.970000e-06	-5.906094e-09	-2.480293e-08	-5.093372e+01	-6.338740e+02
2.980000e-06	-5.963414e-09	-2.492919e-08	-5.142805e+01	-6.370768e+02
2.990000e-06	-6.018526e-09	-2.504977e-08	-5.190333e+01	-6.401510e+02
3.000000e-06	-6.071190e-09	-2.516032e-08	-5.235750e+01	-6.430927e+02
3.010000e-06	-6.121187e-09	-2.526048e-08	-5.278866e+01	-6.458924e+02
3.020000e-06	-6.168540e-09	-2.535316e-08	-5.319703e+01	-6.485364e+02
3.030000e-06	-6.213565e-09	-2.544073e-08	-5.358532e+01	-6.510099e+02
3.040000e-06	-6.256515e-09	-2.552189e-08	-5.395571e+01	-6.532990e+02
3.050000e-06	-6.297341e-09	-2.559638e-08	-5.430780e+01	-6.553935e+02
3.060000e-06	-6.335884e-09	-2.566633e-08	-5.464018e+01	-6.572887e+02
3.070000e-06	-6.371994e-09	-2.573393e-08	-5.495159e+01	-6.589867e+02
3.080000e-06	-6.405712e-09	-2.579737e-08	-5.524237e+01	-6.604965e+02
3.090000e-06	-6.437020e-09	-2.585100e-08	-5.551237e+01	-6.618333e+02
3.100000e-06	-6.465777e-09	-2.589770e-08	-5.576036e+01	-6.630170e+02
3.110000e-06	-6.492070e-09	-2.594440e-08	-5.598711e+01	-6.640696e+02
3.120000e-06	-6.516003e-09	-2.599140e-08	-5.619350e+01	-6.650128e+02
3.130000e-06	-6.537411e-09	-2.603486e-08	-5.637812e+01	-6.658652e+02
3.140000e-06	-6.556314e-09	-2.606853e-08	-5.654114e+01	-6.666399e+02
3.150000e-06	-6.572850e-09	-2.609392e-08	-5.668374e+01	-6.673432e+02
3.160000e-06	-6.586737e-09	-2.611906e-08	-5.680350e+01	-6.679736e+02
3.170000e-06	-6.597844e-09	-2.614300e-08	-5.689928e+01	-6.685223e+02
3.180000e-06	-6.606450e-09	-2.616035e-08	-5.697350e+01	-6.689746e+02
3.190000e-06	-6.612541e-09	-2.617088e-08	-5.702603e+01	-6.693126e+02
3.200000e-06	-6.616078e-09	-2.617846e-08	-5.705653e+01	-6.695175e+02
3.210000e-06	-6.617239e-09	-2.618094e-08	-5.706654e+01	-6.695734e+02
